[gd_scene load_steps=4 format=2]

[ext_resource path="res://player/assets/model.dae" type="PackedScene" id=1]
[ext_resource path="res://UI/PreviewSpin.gd" type="Script" id=2]

[sub_resource type="Environment" id=1]
background_energy = 0.63
ambient_light_color = Color( 1, 1, 1, 1 )

[node name="Spatial" type="Spatial"]

[node name="model" parent="." instance=ExtResource( 1 )]
script = ExtResource( 2 )

[node name="AnimationPlayer" parent="model" index="1"]
autoplay = "run"
playback_speed = 2.0

[node name="Camera" type="Camera" parent="."]
transform = Transform( 1, 0, 0, 0, 0.871445, 0.490493, 0, -0.490493, 0.871445, 0, 3.67842, 4.15487 )
environment = SubResource( 1 )

[node name="OmniLight" type="OmniLight" parent="."]
transform = Transform( 1, 0, 0, 0, 0.871445, 0.490493, 0, -0.490493, 0.871445, -3.39332, 4.74348, 2.09958 )
light_energy = 0.07

[node name="OmniLight2" type="OmniLight" parent="."]
transform = Transform( 1, 0, 0, 0, 0.871445, 0.490493, 0, -0.490493, 0.871445, 3.3328, 3.93953, 3.63574 )
light_energy = 0.07

[editable path="model"]
